0.01
25.00 -2.00 3.00 4.00 -1.00 2.00 1.00 2.00 0.00 1.00 0.00 1.00 -2.00 3.00 4.00 -1.00 2.00 1.00 2.00 1.00 5.00
-2.00 24.00 0.00 1.00 2.00 1.00 3.00 2.00 1.00 0.00 1.00 3.00 2.00 1.00 3.00 -1.00 2.00 0.00 1.00 -1.00 4.00
2.00 -1.00 28.00 2.00 0.00 1.00 -1.00 2.00 0.00 1.00 -2.00 3.00 -1.00 2.00 -1.00 2.00 3.00 1.00 0.00 1.00 3.00
1.00 2.00 -1.00 30.00 1.00 0.00 2.00 -1.00 1.00 3.00 2.00 1.00 -3.00 2.00 1.00 2.00 0.00 1.00 -1.00 2.00 2.00
1.00 1.00 1.00 -2.00 26.00 2.00 0.00 1.00 3.00 -1.00 2.00 -1.00 -2.00 3.00 1.00 3.00 1.00 0.00 1.00 2.00 0.00
-1.00 3.00 1.00 2.00 -1.00 25.00 4.00 2.00 0.00 1.00 1.00 -2.00 1.00 -3.00 4.00 -1.00 2.00 0.00 1.00 2.00 -3.00
2.00 1.00 -1.00 2.00 3.00 -2.00 27.00 0.00 1.00 2.00 0.00 3.00 -1.00 2.00 -2.00 1.00 1.00 0.00 1.00 -1.00 1.00
1.00 -2.00 3.00 1.00 -1.00 2.00 -1.00 29.00 0.00 2.00 3.00 1.00 0.00 -1.00 1.00 3.00 1.00 0.00 1.00 2.00 3.00
0.00 1.00 0.00 -3.00 2.00 0.00 3.00 1.00 26.00 -1.00 0.00 1.00 -2.00 2.00 -1.00 -3.00 1.00 1.00 -2.00 0.00 -4.00
1.00 1.00 -1.00 2.00 0.00 1.00 -2.00 0.00 -3.00 28.00 -1.00 2.00 1.00 -2.00 -1.00 2.00 2.00 1.00 1.00 3.00 5.00
0.00 1.00 -2.00 3.00 2.00 1.00 0.00 2.00 -1.00 4.00 27.00 -1.00 1.00 -3.00 0.00 1.00 1.00 2.00 -1.00 1.00 -2.00
1.00 0.00 2.00 -1.00 -1.00 3.00 1.00 -2.00 0.00 1.00 30.00 26.00 -1.00 2.00 3.00 -2.00 1.00 0.00 1.00 2.00 3.00
2.00 -3.00 1.00 3.00 1.00 -2.00 2.00 1.00 1.00 0.00 -1.00 2.00 29.00 2.00 -3.00 1.00 0.00 1.00 -1.00 -2.00 -1.00
1.00 2.00 -2.00 0.00 3.00 1.00 0.00 1.00 -1.00 2.00 -1.00 3.00 24.00 -31.00 1.00 -2.00 1.00 0.00 1.00 2.00 0.00
-2.00 1.00 0.00 1.00 2.00 -1.00 2.00 -1.00 -2.00 3.00 1.00 -1.00 -3.00 9 28.00 0.00 1.00 1.00 -1.00 2.00 -3.00
1.00 1.00 2.00 -1.00 1.00 3.00 -1.00 1.00 0.00 -1.00 2.00 0.00 1.00 2.00 2.00 27.00 -2.00 1.00 1.00 -2.00 2.00
0.00 1.00 -2.00 2.00 -1.00 1.00 1.00 -1.00 2.00 1.00 -2.00 1.00 -1.00 -1.00 3.00 27.00 2.00 0.00 1.00 -3.00 1.00
1.00 2.00 0.00 -1.00 1.00 1.00 -2.00 3.00 0.00 1.00 -1.00 2.00 2.00 1.00 -1.00 1.00 25.00 -2.00 0.00 1.00 1.00
1.00 -1.00 2.00 2.00 0.00 0.00 1.00 -2.00 1.00 3.00 2.00 -1.00 1.00 2.00 -2.00 0.00 -3.00 26.00 1.00 2.00 -4.00
-3.00 1.00 0.00 0.00 2.00 1.00 -1.00 1.00 -2.00 2.00 -1.00 0.00 0.00 -2.00 1.00 1.00 -1.00 -2.00 30.00 1.00 2.00